
strategic_region={
	id=110
	name="STRATEGICREGION_110"
	provinces={
		25 48 240 297 305 326 337 561 738 802 809 842 856 1273 1458 1572 1586 1602 1641 1696 1707 1754 1893 1987 2025 2076 2140 2168 2250 2306 2315 2366 2386 2472 2547 2594 2622 2756 2758 2781 2808 2842 2871 3114 3128 3136 3156 3163 3256 3272 3279 3296 3297 3394 3400 3402 3408 3520 3582 3647 3648 3665 3671 3675 3690 3769 3817 3859 3884 3907 3915 3962 4050 4116 4125 4168 4212 4223 4269 4385 4572 4593 4626 4697 4762 4784 4789 4818 4850 4860 4900 5001 5045 5065 5091 5092 5099 5117 5152 5233 5284 5314 5392 5460 5470 5550 5674 5703 5716 5717 5733 5761 5763 5850 5899 5949 5950 5988 5993 6125 6146 6246 6286 6298 6329 6386 6460 6662 6716 6865 6882 6895 6928 6973 7007 7070 7125 7168 7202 7213 7320 7331 7338 7343 7344 7385 7386 7416 7434 7531 7537 7542 7601 7671 7684 7689 7704 7732 7795 7815 7947 7953 8025 8067 8112 8171 8223 8235 8254 8271 8321 8366 8375 8424 8466 8657 8658 8724 8737 8751 8863 8920 8953 8988 9011 9014 9024 9102 9112 9150 9162 9266 9301 9381 9470 9548 9705 18197 18246 18270 18320 18349 18381 18422 18440 18448 18449 18475 18476 18484 18502 18512 18522 18530 18544 18549 18557 18558 18569 18590 18609 18616 18622 18623 18624 18660 18681 18690 18706 18711 18712 18719 18727 18733 18739 18759 18773 18780 18812 18813 18821 18822 18823 18829 18836 18844 18845 18856 18864 18865 18877 18878 18879 18885 18886 18896 18907 18908 18918 18919 18920 18933 18934 18935 18936 18943 18955 18961 18965 18969 18970 18978 18989 18990 18995 18996 18999 19007 19008 19020 19024 19027 19035 19041 19043 19044 19045 19050 19056 19061 19072 19073 19074 19079 19084 19085 19086 19093 19094 19109 19115 19116 19117 19121 19125 19126 19126 19127 19128 19129 19130 19131 19136 19145 19150 19151 19153 19155 19156 19159 19163 19164 19167 19168 19174 19175 19176 19177 19178 19179 19180 19181 19184 19185 19190 19191 19193 19194 19195 19197 19198 19201 19202 19206 19209 19210 19215 19217 19218 19219 19221 19222 19224 19226 19227 19239 19240 19241 19246 19247 19248 19250 19256 19257 19262 19269 19273 19274 19280 19285 19291 19295 19296 19297 19298 19301 19304 19313 19319 19322 19328 19331 19332 19340 19349 19350 19364 19365 19372 19376 19377 19378 19379 19387 19392 19399 19402 19408 19410 19411 19422 19423 19424 19430 19437 19454 19481 19482 19491 19499 19521 19522 19523 19526 19538 19539 19547 19573 19590 19598 19671 19672 19688 19739 21537 21561 
	}
	weather={
		period={
			between={ 0.0 30.0 }
			temperature={ -6.0 12.0 }
			no_phenomenon=0.500
			rain_light=1.000
			rain_heavy=0.150
			snow=0.200
			blizzard=0.000
			arctic_water=0.000
			mud=0.100
			sandstorm=0.000
			min_snow_level=0.000
		}
		period={
			between={ 0.1 27.1 }
			temperature={ -7.0 12.0 }
			no_phenomenon=0.500
			rain_light=1.000
			rain_heavy=0.150
			snow=0.200
			blizzard=0.050
			arctic_water=0.000
			mud=0.100
			sandstorm=0.000
			min_snow_level=0.000
		}
		period={
			between={ 0.2 30.2 }
			temperature={ -2.0 15.0 }
			no_phenomenon=0.500
			rain_light=1.000
			rain_heavy=0.150
			snow=0.150
			blizzard=0.000
			arctic_water=0.000
			mud=0.100
			sandstorm=0.000
			min_snow_level=0.000
		}
		period={
			between={ 0.3 29.3 }
			temperature={ 1.0 16.0 }
			no_phenomenon=0.500
			rain_light=1.000
			rain_heavy=0.150
			snow=0.000
			blizzard=0.000
			arctic_water=0.000
			mud=0.100
			sandstorm=0.000
			min_snow_level=0.000
		}
		period={
			between={ 0.4 30.4 }
			temperature={ 4.0 19.0 }
			no_phenomenon=0.500
			rain_light=1.000
			rain_heavy=0.150
			snow=0.000
			blizzard=0.000
			arctic_water=0.000
			mud=0.100
			sandstorm=0.000
			min_snow_level=0.000
		}
		period={
			between={ 0.5 29.5 }
			temperature={ 8.0 22.0 }
			no_phenomenon=0.500
			rain_light=1.000
			rain_heavy=0.150
			snow=0.000
			blizzard=0.000
			arctic_water=0.000
			mud=0.100
			sandstorm=0.000
			min_snow_level=0.000
		}
		period={
			between={ 0.6 30.6 }
			temperature={ 9.0 24.0 }
			no_phenomenon=0.500
			rain_light=1.000
			rain_heavy=0.150
			snow=0.000
			blizzard=0.000
			arctic_water=0.000
			mud=0.100
			sandstorm=0.000
			min_snow_level=0.000
		}
		period={
			between={ 0.7 30.7 }
			temperature={ 9.0 25.0 }
			no_phenomenon=0.500
			rain_light=1.000
			rain_heavy=0.150
			snow=0.000
			blizzard=0.000
			arctic_water=0.000
			mud=0.100
			sandstorm=0.000
			min_snow_level=0.000
		}
		period={
			between={ 0.8 29.8 }
			temperature={ 6.0 22.0 }
			no_phenomenon=0.500
			rain_light=1.000
			rain_heavy=0.150
			snow=0.000
			blizzard=0.000
			arctic_water=0.000
			mud=0.100
			sandstorm=0.000
			min_snow_level=0.000
		}
		period={
			between={ 0.9 30.9 }
			temperature={ 3.0 18.0 }
			no_phenomenon=0.500
			rain_light=1.000
			rain_heavy=0.150
			snow=0.050
			blizzard=0.000
			arctic_water=0.000
			mud=0.100
			sandstorm=0.000
			min_snow_level=0.000
		}
		period={
			between={ 0.10 29.10 }
			temperature={ -1.0 15.0 }
			no_phenomenon=0.500
			rain_light=1.000
			rain_heavy=0.150
			snow=0.210
			blizzard=0.000
			arctic_water=0.000
			mud=0.100
			sandstorm=0.000
			min_snow_level=0.000
		}
		period={
			between={ 0.11 30.11 }
			temperature={ -5.0 13.0 }
			no_phenomenon=0.500
			rain_light=1.000
			rain_heavy=0.150
			snow=0.200
			blizzard=0.000
			arctic_water=0.000
			mud=0.100
			sandstorm=0.000
			min_snow_level=0.000
		}
	}
}
