
strategic_region={
	id=111
	name="STRATEGICREGION_111"
	provinces={
		16 46 57 102 229 246 340 372 395 410 446 447 456 521 564 693 747 765 770 822 835 836 843 873 889 946 948 1003 1113 1140 1256 1315 1382 1386 1421 1436 1480 1485 1500 1560 1669 1706 1787 1801 1812 1828 1839 1900 1940 1955 1984 2014 2067 2117 2239 2263 2299 2316 2319 2340 2356 2442 2474 2560 2619 2667 2704 2716 2737 2772 2774 2775 2790 2799 2814 2849 2878 2889 2917 2933 2954 2962 2964 3006 3026 3087 3117 3118 3178 3265 3313 3340 3482 3491 3529 3543 3566 3664 3683 3698 3725 3749 3766 3840 3852 3857 3899 3917 3995 4025 4087 4121 4152 4161 4174 4181 4227 4261 4324 4393 4474 4492 4501 4538 4694 4848 4937 4966 5008 5102 5114 5118 5201 5325 5366 5401 5431 5451 5471 5514 5664 5741 5895 5905 6001 6068 6140 6156 6158 6175 6277 6333 6381 6390 6400 6453 6480 6509 6525 6551 6601 6607 6722 6759 6798 6807 6897 6951 6977 6987 7219 7223 7263 7276 7313 7332 7395 7407 7521 7593 7672 7800 7842 7875 7892 7898 7914 7951 7954 8007 8012 8147 8178 8204 8219 8244 8343 8435 8441 8538 8560 8612 8624 8741 8822 8899 9056 9069 9169 9193 9225 9247 9390 9426 9455 9456 9573 9655 9661 9664 9720 9721 9786 19231 19232 19236 19238 19244 19245 19255 19260 19261 19265 19266 19268 19279 19284 19290 19294 19300 19308 19318 19327 19337 19338 19339 19344 19348 19359 19360 19371 19374 19375 19385 19386 19390 19391 19398 19401 19406 19407 19409 19416 19421 19429 19434 19435 19436 19443 19444 19445 19448 19449 19452 19453 19458 19459 19462 19465 19466 19467 19474 19479 19480 19488 19489 19490 19495 19497 19498 19503 19504 19505 19510 19511 19512 19513 19520 19525 19531 19532 19533 19546 19551 19554 19555 19557 19558 19567 19571 19572 19582 19583 19584 19588 19589 19609 19610 19611 19612 19613 19614 19617 19623 19633 19634 19638 19639 19646 19647 19648 19649 19660 19661 19670 19684 19685 19686 19687 19701 19702 19715 19716 19722 19723 19730 19731 19755 19756 19765 19766 19767 19774 19775 19779 19791 19792 19793 19794 19795 19800 19811 19819 19826 19832 19833 19834 19835 19836 19842 19848 19852 19857 19875 19876 19877 19884 19886 19899 19917 19918 19919 19925 19926 19927 19928 19935 19936 19939 19940 19941 19942 19949 19956 19957 19963 19972 19973 19977 19983 19992 19993 19995 20000 20005 20006 20011 20012 20013 20014 20027 20035 20036 20046 20047 20048 20049 20055 20056 20057 20059 20067 20084 20089 20100 20101 20107 20108 20113 20120 20121 20126 20142 20143 20144 20156 20157 20161 20168 20169 20182 20191 20192 20201 20202 20203 20213 20219 20220 20231 20237 20239 20253 20254 20267 20279 20288 20292 20295 20301 20315 20316 20321 20335 20340 20345 20353 20374 20375 20385 20407 20420 20427 20431 20437 20456 20461 20498 20511 20512 20538 
	}
	weather={
		period={
			between={ 0.0 30.0 }
			temperature={ -6.0 12.0 }
			no_phenomenon=0.500
			rain_light=1.000
			rain_heavy=0.150
			snow=0.200
			blizzard=0.000
			arctic_water=0.000
			mud=0.100
			sandstorm=0.000
			min_snow_level=0.000
		}
		period={
			between={ 0.1 27.1 }
			temperature={ -7.0 12.0 }
			no_phenomenon=0.500
			rain_light=1.000
			rain_heavy=0.150
			snow=0.200
			blizzard=0.050
			arctic_water=0.000
			mud=0.100
			sandstorm=0.000
			min_snow_level=0.000
		}
		period={
			between={ 0.2 30.2 }
			temperature={ -2.0 15.0 }
			no_phenomenon=0.500
			rain_light=1.000
			rain_heavy=0.150
			snow=0.150
			blizzard=0.000
			arctic_water=0.000
			mud=0.100
			sandstorm=0.000
			min_snow_level=0.000
		}
		period={
			between={ 0.3 29.3 }
			temperature={ 1.0 16.0 }
			no_phenomenon=0.500
			rain_light=1.000
			rain_heavy=0.150
			snow=0.000
			blizzard=0.000
			arctic_water=0.000
			mud=0.100
			sandstorm=0.000
			min_snow_level=0.000
		}
		period={
			between={ 0.4 30.4 }
			temperature={ 4.0 19.0 }
			no_phenomenon=0.500
			rain_light=1.000
			rain_heavy=0.150
			snow=0.000
			blizzard=0.000
			arctic_water=0.000
			mud=0.100
			sandstorm=0.000
			min_snow_level=0.000
		}
		period={
			between={ 0.5 29.5 }
			temperature={ 8.0 22.0 }
			no_phenomenon=0.500
			rain_light=1.000
			rain_heavy=0.150
			snow=0.000
			blizzard=0.000
			arctic_water=0.000
			mud=0.100
			sandstorm=0.000
			min_snow_level=0.000
		}
		period={
			between={ 0.6 30.6 }
			temperature={ 9.0 24.0 }
			no_phenomenon=0.500
			rain_light=1.000
			rain_heavy=0.150
			snow=0.000
			blizzard=0.000
			arctic_water=0.000
			mud=0.100
			sandstorm=0.000
			min_snow_level=0.000
		}
		period={
			between={ 0.7 30.7 }
			temperature={ 9.0 25.0 }
			no_phenomenon=0.500
			rain_light=1.000
			rain_heavy=0.150
			snow=0.000
			blizzard=0.000
			arctic_water=0.000
			mud=0.100
			sandstorm=0.000
			min_snow_level=0.000
		}
		period={
			between={ 0.8 29.8 }
			temperature={ 6.0 22.0 }
			no_phenomenon=0.500
			rain_light=1.000
			rain_heavy=0.150
			snow=0.000
			blizzard=0.000
			arctic_water=0.000
			mud=0.100
			sandstorm=0.000
			min_snow_level=0.000
		}
		period={
			between={ 0.9 30.9 }
			temperature={ 3.0 18.0 }
			no_phenomenon=0.500
			rain_light=1.000
			rain_heavy=0.150
			snow=0.050
			blizzard=0.000
			arctic_water=0.000
			mud=0.100
			sandstorm=0.000
			min_snow_level=0.000
		}
		period={
			between={ 0.10 29.10 }
			temperature={ -1.0 15.0 }
			no_phenomenon=0.500
			rain_light=1.000
			rain_heavy=0.150
			snow=0.210
			blizzard=0.000
			arctic_water=0.000
			mud=0.100
			sandstorm=0.000
			min_snow_level=0.000
		}
		period={
			between={ 0.11 30.11 }
			temperature={ -5.0 13.0 }
			no_phenomenon=0.500
			rain_light=1.000
			rain_heavy=0.150
			snow=0.200
			blizzard=0.000
			arctic_water=0.000
			mud=0.100
			sandstorm=0.000
			min_snow_level=0.000
		}
	}
}
