
strategic_region={
	id=113
	name="STRATEGICREGION_113"
	provinces={
		1 55 67 420 490 539 604 659 670 679 774 775 784 845 934 1033 1040 1161 1250 1596 1605 1651 1654 1783 1909 1938 2016 2240 2251 2294 2371 2407 2569 2581 2635 2822 2825 2831 2841 3015 3456 3503 3735 3774 3794 3826 4120 4165 4679 4693 4962 5038 5044 5160 5196 5216 5226 5244 5484 5577 5605 5679 5910 5930 6207 6280 6284 6383 6457 6511 6655 6658 6665 6669 6783 7457 7501 7597 7620 7703 8006 8010 8024 8134 8175 8346 8409 8452 8504 8824 8868 8975 9232 9393 9416 9639 9674 9762 9782 9816 18294 18331 18332 18395 18396 18405 18423 18451 18460 18485 18495 18503 18513 18531 18550 18559 18560 18561 18562 18570 18584 18591 18592 18600 18606 18610 18617 18618 18636 18639 18646 18653 18661 18665 18670 18671 18682 18683 18695 18696 18703 18713 18720 18734 18740 18741 18742 18747 18748 18753 18754 18760 18761 18774 18775 18781 18788 18792 18793 18803 18804 18814 18815 18824 18837 18838 18840 18846 18869 18880 18887 18888 18889 18909 18914 18930 18953 18956 18962 18966 18974 18979 18997 19000 19001 19004 19009 19036 19039 19040 19051 19081 19090 19097 19098 19122 19132 19133 19160 19182 19203 19204 19211 19234 19237 19251 19299 19333 19341 19361 19366 
	}
	weather={
	}
}
