
strategic_region={
	id=85
	name="STRATEGICREGION_85"
	provinces={
		27 33 36 64 143 196 224 309 311 359 400 426 443 500 555 627 628 830 851 852 858 880 886 896 903 962 974 993 1087 1141 1182 1192 1223 1298 1333 1335 1365 1388 1510 1520 1538 1545 1546 1559 1614 1667 1676 1684 1690 1713 1718 1738 1766 1767 1868 1966 1985 2001 2024 2029 2107 2181 2205 2292 2304 2409 2410 2490 2523 2527 2606 2639 2686 2709 2712 2717 2719 2770 2827 2856 2866 2880 2905 3013 3050 3068 3095 3141 3194 3202 3233 3258 3294 3341 3399 3453 3465 3507 3548 3615 3626 3627 3657 3661 3752 3782 3789 3833 3891 3960 4006 4019 4030 4068 4097 4117 4123 4182 4218 4252 4317 4349 4358 4381 4397 4417 4466 4518 4530 4533 4560 4630 4779 4800 4801 4845 4988 5027 5098 5149 5157 5210 5232 5235 5250 5399 5573 5644 5686 5698 5821 5878 5886 5897 5916 5976 6036 6075 6095 6096 6103 6124 6178 6185 6193 6249 6259 6316 6331 6337 6370 6415 6502 6508 6535 6622 6711 6758 6774 6884 6925 6958 6970 6976 6989 7030 7067 7171 7185 7249 7298 7319 7329 7339 7440 7456 7467 7471 7547 7552 7558 7578 7616 7688 7718 7726 7841 7865 7966 8013 8033 8056 8100 8120 8181 8212 8341 8413 8496 8564 8593 8601 8633 8684 8686 8694 8696 8714 8717 8760 8803 8849 8875 8882 8907 8910 8925 8950 9105 9197 9208 9214 9346 9367 9438 9560 9581 9610 9622 9683 9691 9699 9712 9725 9805 19568 19576 19602 19642 19655 19664 19673 19697 19713 19718 19733 19741 19758 19759 19780 19787 19788 19797 19814 19829 19838 19844 19845 19846 19853 19854 19864 19870 19871 19879 19880 19890 19897 19898 19911 19912 19923 19929 19934 19945 19946 19953 19959 19965 19974 19987 19988 19989 20007 20015 20016 20017 20018 20019 20030 20031 20039 20051 20063 20069 20077 20078 20087 20088 20098 20103 20104 20110 20116 20117 20123 20124 20128 20138 20139 20146 20164 20175 20176 20177 20178 20184 20185 20186 20197 20204 20211 20212 20214 20215 20225 20228 20229 20242 20243 20244 20245 20248 20249 20250 20259 20264 20275 20281 20286 20298 20305 20311 20312 20323 20327 20347 20348 20360 20363 20364 20369 20370 20376 20387 20389 20397 20404 20405 20409 20422 20428 20438 20440 20446 20452 20462 20463 20470 20471 20473 20493 20494 20495 20496 20499 20506 20521 20540 20544 20549 20550 20552 20563 20568 20571 20572 20573 20579 20586 20590 20591 20594 20596 20597 20615 20621 20624 20625 20632 20653 20654 20656 20660 20666 20671 20685 20689 20690 20691 20700 20707 20715 20716 20725 20733 20756 20757 20761 20771 20777 20778 20780 20790 20794 20795 20799 20800 20808 20822 20845 20876 20890 20897 20929 20973 20978 21006 21051 21565 
	}
	weather={
		period={
			between={ 0.0 30.0 }
			temperature={ -6.0 12.0 }
			no_phenomenon=0.500
			rain_light=1.000
			rain_heavy=0.150
			snow=0.200
			blizzard=0.000
			arctic_water=0.000
			mud=0.100
			sandstorm=0.000
			min_snow_level=0.000
		}
		period={
			between={ 0.1 27.1 }
			temperature={ -7.0 12.0 }
			no_phenomenon=0.500
			rain_light=1.000
			rain_heavy=0.150
			snow=0.200
			blizzard=0.050
			arctic_water=0.000
			mud=0.100
			sandstorm=0.000
			min_snow_level=0.000
		}
		period={
			between={ 0.2 30.2 }
			temperature={ -2.0 15.0 }
			no_phenomenon=0.500
			rain_light=1.000
			rain_heavy=0.150
			snow=0.150
			blizzard=0.000
			arctic_water=0.000
			mud=0.100
			sandstorm=0.000
			min_snow_level=0.000
		}
		period={
			between={ 0.3 29.3 }
			temperature={ 1.0 16.0 }
			no_phenomenon=0.500
			rain_light=1.000
			rain_heavy=0.150
			snow=0.000
			blizzard=0.000
			arctic_water=0.000
			mud=0.100
			sandstorm=0.000
			min_snow_level=0.000
		}
		period={
			between={ 0.4 30.4 }
			temperature={ 4.0 19.0 }
			no_phenomenon=0.500
			rain_light=1.000
			rain_heavy=0.150
			snow=0.000
			blizzard=0.000
			arctic_water=0.000
			mud=0.100
			sandstorm=0.000
			min_snow_level=0.000
		}
		period={
			between={ 0.5 29.5 }
			temperature={ 8.0 22.0 }
			no_phenomenon=0.500
			rain_light=1.000
			rain_heavy=0.150
			snow=0.000
			blizzard=0.000
			arctic_water=0.000
			mud=0.100
			sandstorm=0.000
			min_snow_level=0.000
		}
		period={
			between={ 0.6 30.6 }
			temperature={ 9.0 24.0 }
			no_phenomenon=0.500
			rain_light=1.000
			rain_heavy=0.150
			snow=0.000
			blizzard=0.000
			arctic_water=0.000
			mud=0.100
			sandstorm=0.000
			min_snow_level=0.000
		}
		period={
			between={ 0.7 30.7 }
			temperature={ 9.0 25.0 }
			no_phenomenon=0.500
			rain_light=1.000
			rain_heavy=0.150
			snow=0.000
			blizzard=0.000
			arctic_water=0.000
			mud=0.100
			sandstorm=0.000
			min_snow_level=0.000
		}
		period={
			between={ 0.8 29.8 }
			temperature={ 6.0 22.0 }
			no_phenomenon=0.500
			rain_light=1.000
			rain_heavy=0.150
			snow=0.000
			blizzard=0.000
			arctic_water=0.000
			mud=0.100
			sandstorm=0.000
			min_snow_level=0.000
		}
		period={
			between={ 0.9 30.9 }
			temperature={ 3.0 18.0 }
			no_phenomenon=0.500
			rain_light=1.000
			rain_heavy=0.150
			snow=0.050
			blizzard=0.000
			arctic_water=0.000
			mud=0.100
			sandstorm=0.000
			min_snow_level=0.000
		}
		period={
			between={ 0.10 29.10 }
			temperature={ -1.0 15.0 }
			no_phenomenon=0.500
			rain_light=1.000
			rain_heavy=0.150
			snow=0.210
			blizzard=0.000
			arctic_water=0.000
			mud=0.100
			sandstorm=0.000
			min_snow_level=0.000
		}
		period={
			between={ 0.11 30.11 }
			temperature={ -5.0 13.0 }
			no_phenomenon=0.500
			rain_light=1.000
			rain_heavy=0.150
			snow=0.200
			blizzard=0.000
			arctic_water=0.000
			mud=0.100
			sandstorm=0.000
			min_snow_level=0.000
		}
	}
}
