3 5 3943 3354 8625 5036 7295 
2 4 7295 5752 4601 16709 
2 4 16709 3217 8844 16621 
2 4 16621 16527 5240 16435 
2 4 16435 5240 6428 5209 
2 5 5209 16463 16395 16318 16266 
1 3 16266 16230 16290 
1 3 16290 4659 6358 
3 4 6358 2534 16028 15950 
3 4 15950 8561 1327 15827 
3 3 15827 15869 15923 
3 4 15923 15949 16017 6025 
2 6 6025 4725 15985 15939 941 7239 
2 4 7239 15745 5489 2782 
2 4 2782 9260 15844 7820 
3 3 7820 15993 5951 
4 4 5951 8439 16114 3943 
2 4 7295 5335 16505 16569 
3 5 16569 4493 8643 16421 16376 
3 6 3943 16097 7736 16065 16122 39 
3 2 39 16113 
1 2 16113 3469 
3 4 3469 16255 4877 16376 
1 2 7820 6915 
2 3 6915 8455 9645 
1 3 9645 15797 5135 
2 2 16267 5466 
2 2 5466 16109 
2 3 1057 17160 4736 
1 4 4736 2810 2502 17070 
1 3 17070 17085 17130 
2 3 17130 17116 17078 
2 3 17078 8301 16941 
2 3 16941 16863 2164 
1 4 17078 3797 2435 16904 
2 2 16904 16852 
1 3 16852 1856 4345 
2 3 16852 16932 551 
2 5 551 16952 9713 16942 17002 
2 6 17274 5682 535 17171 17123 17146 
2 7 17146 1466 17159 9377 2823 8935 2345 
1 3 2345 17201 5833 
2 4 5833 17227 5056 17132 
1 4 17132 6602 5272 7299 
1 2 7299 17053 
1 3 15620 8468 15653 
1 3 15653 8442 15654 
1 3 15654 6916 15615 
1 2 15615 7710 
1 2 7710 15520 
1 3 7710 9729 15539 
2 3 15539 9729 15457 
1 5 3515 15378 15347 3075 15386 
1 5 15608 3132 15643 15609 4396 
1 7 15184 5424 907 7042 6266 15414 15407 
2 2 15407 15387 
2 4 15387 15399 15436 15510 
2 4 15510 15436 15408 15312 
2 3 15312 15273 6558 
1 5 6558 7038 5867 15244 4596 
1 3 4596 4839 15191 
1 4 15191 6320 15141 15105 
1 2 15105 15056 
2 2 15056 3997 
2 3 15056 7075 15098 
1 8 15160 15168 15178 15186 15238 8433 2727 5974 
1 3 14958 223 8957 
1 3 8957 15103 15139 
1 5 14752 14788 8419 8506 9349 
1 10 934 18570 18639 8010 6511 18889 18953 18997 1033 1654 
1 2 18561 18618 
1 7 18618 5216 18653 5484 18661 18670 18695 
3 2 3942 19592 
3 3 19592 757 5572 
3 3 5572 8333 6721 
2 4 6721 978 739 19768 
2 4 19768 19802 3853 19900 
2 3 19900 19964 177 
2 3 177 20090 4923 
2 4 4923 2423 3871 3333 
2 3 3333 20255 20293 
2 2 20293 5406 
2 2 5406 9176 
2 2 9176 20221 
2 2 20221 7290 
1 3 4923 20127 588 
1 2 588 20029 
1 3 20029 2480 19908 
2 3 5572 19640 2503 
2 3 2503 19868 19933 
3 2 5572 5710 
3 3 5710 4942 19425 
3 2 19425 5950 
3 3 5950 2756 19332 
3 3 19332 7684 19350 
2 3 19350 19296 5233 
1 2 5233 19222 
2 4 19222 19198 19191 19177 
1 6 19222 19202 3665 19159 6329 19117 
2 3 19177 8271 337 
1 3 337 19041 8375 
1 5 8375 18996 18961 9162 18970 
1 4 18970 6716 18865 18836 
1 5 18740 7703 18909 7501 2251 
1 4 2251 19009 4120 18966 
1 7 18966 2831 18930 18887 18837 18774 18740 
1 3 18591 2240 18531 
1 3 18531 18460 8409 
1 5 8409 18395 5910 3015 18331 
1 4 18331 679 18332 6383 
1 5 8375 18965 18943 18886 18822 
1 4 18822 18856 18821 9102 
1 3 9102 3272 7386 
1 4 7386 738 19044 7795 
1 3 7795 4269 19126 
2 2 19126 6662 
2 2 6662 2250 
1 4 2250 6865 8271 337 
1 4 6662 802 8466 19248 
2 5 19248 8657 1696 19319 19350 
2 4 6662 4212 2472 3907 
2 3 3907 5763 19365 
2 5 19365 2594 19491 19590 19598 
2 6 19598 4789 19539 19523 2842 19526 
2 5 19598 19590 19522 4626 19481 
2 4 19481 19423 5993 19313 
2 4 19313 6386 5763 19365 
3 3 3187 20130 20082 
2 3 20082 20106 324 
2 3 324 20200 1212 
1 3 1212 6151 7712 
2 3 324 20153 20082 
2 3 20082 5810 3704 
1 3 3704 6072 3048 
1 3 3048 6072 19894 
2 3 19841 6489 19906 
1 4 19906 19971 1528 20094 
1 4 20094 6537 20218 20236 
1 3 20236 4869 2853 
2 4 19841 19905 1595 20026 
2 2 19841 3147 
2 5 3147 5504 19764 19709 1978 
1 2 19637 8428 
2 4 19494 19566 19622 1849 
3 3 1768 7545 5966 
3 2 5966 5200 
2 2 5200 18296 
2 2 1409 18296 
3 2 1768 18520 
3 3 18520 18445 5200 
2 4 1768 18458 18631 4813 
2 2 4813 7910 
1 6 7910 18787 8813 1529 7618 18738 
2 3 18738 18726 4320 
3 3 1768 18458 18466 
1 3 18466 85 18409 
2 3 18409 203 130 
2 5 130 18282 18297 18296 1409 
1 3 172 9547 18875 
2 3 18175 1055 618 
2 3 618 1055 18255 
1 3 618 18319 18255 
1 4 18255 18158 18136 3934 
3 4 959 2541 17911 17924 
3 3 17924 7696 9333 
2 4 9333 17667 7400 3317 
3 5 9333 17717 17725 7116 17626 
1 4 17626 17583 9563 119 
2 3 119 17485 4559 
2 3 4559 1005 49 
2 5 3317 243 4540 9563 119 
1 5 5615 6596 7246 17686 8959 
1 4 8959 1442 8327 6222 
1 3 6222 7990 8382 
4 3 11805 11818 11840 
1 4 11935 11947 5241 6876 
1 3 11900 6507 11983 
1 4 11861 11923 1992 6343 
1 4 725 11804 6160 11773 
1 3 11773 11710 11644 
1 3 11773 6269 11804 
1 5 725 11887 6085 11826 5561 
1 3 1426 1642 11808 
1 4 11808 1642 11784 2354 
1 3 2354 11709 11668 
1 3 11668 4215 11717 
1 2 11976 12017 
1 3 12017 3996 4239 
1 2 12083 4239 
1 4 11976 544 11961 11954 
1 4 4239 5249 3568 11954 
1 3 12193 12163 12127 
1 2 11501 5126 
1 4 11501 11485 9060 3500 
1 2 3500 1036 
1 4 1078 11259 83 1036 
1 3 1078 11241 11191 
1 2 11191 3806 
1 2 3806 11005 
1 2 8509 11210 
1 3 11210 5593 1036 
1 2 11351 3245 
1 2 3245 7662 
1 3 7662 11314 2308 
1 2 2308 343 
1 4 6541 11324 5558 343 
1 3 11351 11324 6541 
1 2 343 11108 
1 2 11108 5469 
1 5 5469 10997 10927 1173 10918 
1 4 6541 11263 11174 6892 
1 3 6892 2955 10903 
1 3 10903 2064 10918 
1 2 10903 4509 
1 3 4509 7108 6892 
1 2 10903 10917 
1 4 10917 10843 8453 10722 
1 2 10722 9754 
1 2 9754 4644 
1 2 4644 10722 
1 3 4644 810 4237 
1 3 9754 454 9614 
1 2 8453 9614 
1 2 9614 3505 
1 3 9614 10524 10436 
1 3 3505 10479 10416 
1 3 3505 10571 51 
1 4 51 780 7062 9567 
1 3 9567 3493 5701 
1 4 5701 10470 4405 10618 
1 2 10618 10661 
1 3 10661 6693 5400 
1 3 5400 5352 8247 
1 3 8247 10579 51 
1 3 10661 10773 10845 
1 2 10845 4455 
1 3 4455 11014 2034 
1 2 2034 603 
1 3 603 4086 10819 
1 3 10819 4865 10661 
1 3 5701 4066 3376 
1 3 3376 10155 71 
1 4 71 10099 10192 2260 
1 3 2260 10166 10205 
1 3 10205 10227 3309 
1 2 3309 10202 
1 3 10202 10125 10094 
1 4 10094 7536 186 2228 
1 2 2228 3168 
1 3 1424 9944 3168 
1 4 3168 9954 9914 9871 
1 6 9871 2647 9870 4573 8611 8350 
1 5 10094 4020 373 4259 8396 
1 2 8396 9943 
1 3 9943 6488 8350 
1 3 2260 3220 10094 
1 5 11924 11978 6816 3041 12039 
1 3 12039 12075 685 
1 3 685 12059 12074 
1 3 12074 12059 12039 
1 5 685 12086 6941 12160 7342 
1 2 7342 1019 
1 3 1019 200 12152 
1 3 12152 12185 8636 
1 4 12244 5383 12226 6371 
1 3 6371 831 9817 
1 3 9817 9095 12047 
1 2 12047 7404 
1 3 6371 2296 12241 
1 2 12241 183 
1 2 183 6600 
1 2 6600 9269 
1 3 9269 913 12066 
1 2 12066 12043 
1 3 12043 12020 12004 
1 2 12004 1369 
1 4 1369 12036 12021 7258 
1 4 7258 12033 12001 9046 
1 3 9046 3982 12010 
1 3 12308 4497 12429 
1 6 12429 2580 12428 8553 1742 12442 
1 5 12442 12482 7874 4229 12521 
1 5 12521 12473 12493 12513 472 
1 4 472 12563 12534 12533 
1 4 12533 866 12420 8429 
1 4 12533 2682 7050 892 
1 3 892 5104 2876 
1 4 12521 1048 8921 12325 
1 9 8429 12368 2473 12324 12307 12270 12264 5594 12211 
1 5 12211 12188 4220 12189 12202 
1 4 12325 3240 8734 12202 
1 3 12202 12212 12179 
1 4 12179 3318 12203 4226 
1 3 4226 5911 5113 
1 4 5113 9500 12134 12135 
1 2 12135 6920 
1 2 6920 12105 
1 5 6920 12136 12106 12067 8001 
1 4 2748 3457 11948 11896 
1 6 12308 8241 12309 12283 7144 1063 
1 5 12211 12188 12145 21 12088 
1 3 12202 2754 12146 
1 4 12146 2470 513 8576 
1 3 12088 1147 8576 
2 4 18769 3186 2794 18770 
2 3 18770 18704 18642 
2 3 18642 18588 6182 
1 3 18603 3860 1810 
1 4 1810 18826 18893 18947 
2 5 1810 18771 18785 18757 18799 
2 3 18799 18730 8994 
2 4 8994 7260 18800 6732 
2 3 6732 4035 8373 
2 6 6732 640 18954 6517 9166 8729 
2 3 20008 6405 19891 
2 3 19891 19816 19748 
1 5 19891 8325 9532 19947 19969 
3 3 19954 1670 8475 
3 7 8475 8604 4675 2601 19804 19824 1450 
2 6 1450 2416 5317 20040 20032 1039 
2 3 1039 4506 3040 
2 3 3040 9640 3965 
2 3 3965 3948 681 
3 3 681 145 19954 
1 3 3040 7139 9322 
2 3 9322 20216 20276 
1 4 20276 6413 20187 3040 
1 2 2601 9114 
1 4 9114 19560 4369 19529 
1 4 19529 19470 19414 8551 
2 6 8551 19354 3230 303 19355 6069 
1 6 6069 19326 19369 19440 4954 9273 
2 3 5433 18298 3956 
1 2 3956 18248 
2 4 6015 7330 18247 18248 
3 2 6015 18398 
3 3 5433 18412 18398 
3 2 18398 4703 
2 4 4703 18532 9636 8374 
2 3 8374 18684 1543 
3 2 18398 5537 
2 5 5537 2061 9462 18563 18523 
1 3 18523 1685 18397 
2 3 5537 18411 18397 
1 4 18397 4643 18322 18260 
2 3 6015 18261 7759 
1 4 7759 945 18109 813 
1 4 813 18050 416 17973 
1 4 945 9126 1564 17973 
1 6 17973 17984 4622 6550 17932 18037 
2 2 18003 8245 
