1 49 
1 51 
1 119 
1 177 
1 186 
1 324 
1 337 
1 343 
1 472 
1 551 
1 588 
1 681 
1 934 
1 959 
1 1036 
1 1039 
1 1063 
1 1078 
1 1212 
1 1409 
1 1424 
1 1768 
1 1810 
1 1849 
1 1978 
1 2164 
1 2228 
1 2251 
1 2260 
1 2345 
1 2503 
1 2782 
1 2876 
1 2932 
1 2961 
1 3040 
1 3048 
1 3147 
1 3168 
1 3187 
1 3317 
1 3376 
1 3704 
1 3806 
1 3907 
1 3942 
1 3943 
1 3965 
1 4226 
1 4237 
1 4320 
1 4559 
1 4736 
1 4923 
1 5056 
1 5200 
1 5209 
1 5400 
1 5558 
1 5572 
1 5615 
1 5701 
1 5950 
1 5951 
1 5966 
1 5993 
1 6025 
1 6069 
1 6151 
1 6181 
1 6182 
1 6358 
1 6541 
1 6662 
1 6721 
1 6892 
1 6920 
1 7239 
1 7268 
1 7290 
1 7295 
1 7386 
1 7820 
1 7910 
1 8001 
1 8241 
1 8350 
1 8373 
1 8375 
1 8396 
1 8429 
1 8453 
1 8576 
1 8729 
1 8994 
1 9114 
1 9322 
1 9333 
1 9349 
1 9567 
1 9614 
1 9645 
1 9871 
1 10094 
1 10202 
1 10416 
1 10661 
1 10722 
1 10903 
1 10917 
1 10918 
1 11191 
1 11210 
1 12101 
1 12179 
1 12202 
1 12211 
1 12308 
1 12429 
1 12442 
1 12533 
1 12545 
1 14752 
1 15056 
1 15139 
1 15184 
1 15244 
1 15312 
1 15387 
1 15436 
1 15457 
1 15520 
1 15593 
1 15615 
1 15620 
1 15629 
1 15653 
1 15654 
1 15923 
1 15950 
1 15960 
1 16109 
1 16266 
1 16267 
1 16376 
1 16488 
1 16621 
1 16622 
1 16709 
1 16737 
1 16767 
1 16769 
1 16836 
1 16852 
1 16883 
1 16894 
1 16941 
1 17053 
1 17078 
1 17146 
1 17274 
1 17626 
1 17924 
1 18175 
1 18255 
1 18466 
1 18520 
1 18603 
1 18618 
1 18642 
1 18740 
1 18799 
1 18947 
1 18966 
1 18987 
1 19044 
1 19117 
1 19126 
1 19222 
1 19313 
1 19332 
1 19350 
1 19365 
1 19440 
1 19481 
1 19494 
1 19523 
1 19526 
1 19529 
1 19598 
1 19637 
1 19748 
1 19768 
1 19824 
1 19841 
1 19891 
1 19894 
1 19900 
1 19908 
1 19933 
1 19954 
1 19969 
1 20008 
1 20026 
1 20082 
1 20094 
1 20218 
1 20276 
1 20293 
