state={
	id=201
	name="STATE_201"
	provinces={
		153 302 433 1079 1518 1599 1741 2727 2949 3267 3447 3538 3596 3876 4429 4567 5358 5389 5588 5831 5922 5974 6252 6777 6914 7098 7275 7382 7500 8023 8038 8079 8433 8440 8544 8555 8574 8628 8711 9771 15044 15067 15111 15129 15160 15168 15178 15186 15194 15200 15201 15224 15238 15269 15313 15319 15324 15325 15346 15349 15355 15362 15374 15375 15380 15400 15401 15410 15433 15434 15459 15460 15466 15472 15473 15491 15499 15504 15513 15530 15531 15540 15604 15633 15638 15680 15747 
	}
	history={
		owner = MOH
		controller = MOH
		add_core_of = MOH
buildings = {
			infrastructure = 2
			arms_factory = 1
			5974 = {
				naval_base = 3
			}
			15160 = {
				naval_base = 3
			}
}
}
	manpower = 437410
	state_category = rural
}
